{
 "cells": [
  {
   "cell_type": "code",
   "execution_count": null,
   "metadata": {
    "id": "rzj-5O4__1Hw"
   },
   "outputs": [],
   "source": [
    "import numpy as np\n",
    "import scipy\n",
    "import pandas\n",
    "import matplotlib.pyplot as plt\n",
    "import subprocess\n",
    "import time\n"
   ]
  },
  {
   "cell_type": "markdown",
   "metadata": {
    "id": "vChGcOnSFdMP"
   },
   "source": [
    "# Bajamos los datos"
   ]
  },
  {
   "cell_type": "code",
   "execution_count": null,
   "metadata": {
    "colab": {
     "base_uri": "https://localhost:8080/"
    },
    "id": "Yirx50VhDzqm",
    "outputId": "070a0bed-09c5-48d1-bdd7-1e95356e1bc3"
   },
   "outputs": [],
   "source": [
    "# !wget -O datos.zip https://www.dropbox.com/scl/fi/v6qfj1ktarocr8sl02r8k/datos.zip?rlkey=2u060s5619gvcvnnnhq93rn4e&st=jy3dah88&dl=1\n",
    "# !unzip datos.zip"
   ]
  },
  {
   "cell_type": "code",
   "execution_count": null,
   "metadata": {
    "id": "aYTq5_WH_3gU"
   },
   "outputs": [],
   "source": [
    "class_names = [\"T-shirt/top\",\n",
    "    \"Trouser\",\n",
    "    \"Pullover\",\n",
    "    \"Dress\",\n",
    "    \"Coat\",\n",
    "    \"Sandal\",\n",
    "    \"Shirt\",\n",
    "    \"Sneaker\",\n",
    "    \"Bag\",\n",
    "    \"Ankle boot\"\n",
    "]"
   ]
  },
  {
   "cell_type": "markdown",
   "metadata": {
    "id": "wlba-FnbFgZo"
   },
   "source": [
    "# Cargamos los archivos"
   ]
  },
  {
   "cell_type": "code",
   "execution_count": null,
   "metadata": {
    "colab": {
     "base_uri": "https://localhost:8080/"
    },
    "id": "Hr-bW_uYAFlX",
    "outputId": "d70b64cf-8790-4ee8-9089-391bc384cbaa"
   },
   "outputs": [],
   "source": [
    "X_train = np.loadtxt(\"datos/X_train.csv\", delimiter=\",\") #Funcón de numpy que carga texto (En nuestro caso las imagenes)\n",
    "y_train = np.loadtxt(\"datos/y_train.csv\", delimiter=\",\").astype(int) # Indice entero de que clase es cada imagen, hay 5000\n",
    "X_test = np.loadtxt(\"datos/X_test.csv\", delimiter=\",\") # Variables test son las de prueba, NO USAR\n",
    "y_test = np.loadtxt(\"datos/y_test.csv\", delimiter=\",\").astype(int) # Indice de las imagenes de PRUEBA\n",
    "\n",
    "X_train.shape, y_train.shape, X_test.shape, y_test.shape\n"
   ]
  },
  {
   "cell_type": "markdown",
   "metadata": {
    "id": "t8i93JF5Eyr2"
   },
   "source": [
    "# Revisamos la cantida de muestras por cada clase"
   ]
  },
  {
   "cell_type": "code",
   "execution_count": null,
   "metadata": {
    "colab": {
     "base_uri": "https://localhost:8080/"
    },
    "id": "PKPyYqBSFG_d",
    "outputId": "dcd9d40b-3ee5-4938-c778-91a540e5ae8e"
   },
   "outputs": [],
   "source": [
    "np.bincount(y_train), np.bincount(y_test) # Cuenta cuántos ceros hay, cuántos unos hay, etc.. Hay 500 de cada uno en los datos de entrenamiento y 50 de cada uno en los datos de prueba"
   ]
  },
  {
   "cell_type": "markdown",
   "metadata": {
    "id": "luYIJeYPGQ_X"
   },
   "source": [
    "# Visualizamos"
   ]
  },
  {
   "cell_type": "code",
   "execution_count": null,
   "metadata": {
    "colab": {
     "base_uri": "https://localhost:8080/",
     "height": 452
    },
    "id": "UFd0dyATCDZT",
    "outputId": "3102540f-9a29-4ecc-b413-50f4988c2ee9"
   },
   "outputs": [],
   "source": [
    "ix = 7 #Agarro el elemento numero 7\n",
    "plt.imshow(X_test[ix].reshape(28,28), cmap=\"gray\") #Reshape para acomodarlo en 28 * 28 (cuadrado)\n",
    "plt.title(class_names[y_test[ix]]); #Le pone el nombre ... chequea que está bien (coincide el titulo con la imagen)"
   ]
  },
  {
   "cell_type": "markdown",
   "metadata": {
    "id": "xvEd8-b3KYkB"
   },
   "source": [
    "# Separamos en datos de desarrollo\n",
    "\n",
    "Garantizamos que las clases siguen igualmente balanceadas (estratificación)"
   ]
  },
  {
   "cell_type": "code",
   "execution_count": null,
   "metadata": {
    "colab": {
     "base_uri": "https://localhost:8080/"
    },
    "id": "leTGrXS2KVZc",
    "outputId": "87a8837e-4a95-4c11-b3f3-0fd3a8494db0"
   },
   "outputs": [],
   "source": [
    "from sklearn.model_selection import train_test_split\n",
    "X_newtrain, X_dev, y_newtrain, y_dev = train_test_split(X_train, y_train, test_size=0.2, random_state=42, stratify=y_train) # Test size = 20%, divide un quinto para reservar como desarrollo.\n",
    "#Stratify garantiza que todo lo que metió en ese 20% tiene la misma cantidad de prendas de ropa que en el resto\n",
    "\n",
    "np.bincount(y_newtrain), np.bincount(y_dev) #New Train = E , y_dev = Desarrollo"
   ]
  },
  {
   "cell_type": "markdown",
   "metadata": {
    "id": "qLCx48t_GTkd"
   },
   "source": [
    "# 1.KNN\n",
    "\n",
    "### Implementación en Python"
   ]
  },
  {
   "cell_type": "code",
   "execution_count": null,
   "metadata": {
    "id": "39TWfS9JSD2L"
   },
   "outputs": [],
   "source": [
    "# Calcula la distancia coseno entre dos vectores A y B\n",
    "def distance(A, B):\n",
    "    dot_product = A.dot(B)  # producto interno entre A y B\n",
    "    norm_product = np.linalg.norm(A) * np.linalg.norm(B)  # producto de las normas de A y B\n",
    "    return 1 - (dot_product / norm_product) \n",
    "\n",
    "\n",
    "\n",
    "#image set = lista de tuplas, con cada tupla = (imagen(vector), typo de imagen)\n",
    "# Calcula las distancias entre una imagen y un conjunto de imágenes etiquetadas\n",
    "def image_distances(image_set, image):\n",
    "    distances = []\n",
    "    for pic, label in image_set:  # Itera sobre cada imagen y su etiqueta en el conjunto de imágenes\n",
    "        dis = distance(image, pic)  # Calcula la distancia entre la imagen dada y la imagen actual en el conjunto\n",
    "        distances.append((dis, label))  # Agrega la distancia y la etiqueta a la lista\n",
    "    return distances  # Devuelve la lista de distancias y etiquetas\n",
    "\n",
    "\n",
    "#distances = lista de tuplas, con cada tupla = (distancia de cada imagen de entrenamiento con la imagen elegida, tipo de imagen)\n",
    "# Clasifica una imagen basada en las distancias a las imágenes etiquetadas más cercanas (vecinos)\n",
    "def classify_image(distances, k):\n",
    "    distances.sort(key=lambda x: x[0])  # Ordena la lista de distancias en orden ascendente\n",
    "    number_of_apperances = np.zeros(10)  # Inicializa un array para contar las apariciones de cada tipo de imagen\n",
    "    for i in range(0, k):  # Itera sobre los k vecinos más cercanos\n",
    "       image_type = distances[i][1]  # Obtiene el tipo de imagen del vecino actual\n",
    "       number_of_apperances[image_type] += 1  # Incrementa el contador correspondiente a la etiqueta del vecino\n",
    "\n",
    "    max = -1  # Inicializa el valor máximo encontrado\n",
    "    max_index = -1  # Inicializa el índice del valor máximo encontrado\n",
    "    for i in range(0, len(number_of_apperances)):  # Itera sobre los contadores de apariciones\n",
    "        if number_of_apperances[i] > max:  # Si el contador actual es mayor que el máximo encontrado\n",
    "            max = number_of_apperances[i]  # Actualiza el valor máximo\n",
    "            max_index = i  # Actualiza el índice del valor máximo\n",
    "    \n",
    "    return max_index  # Devuelve el índice (tipo de imagen) con más apariciones\n",
    "\n",
    "\n",
    "# Implementa el algoritmo k-NN (k-Nearest Neighbors) de manera iterativa\n",
    "def knn_iterativo(image, images, images_types, k):\n",
    "    image_set = zip(images, images_types)  # Combina las imágenes y sus tipos en una sola estructura\n",
    "    distances = image_distances(image_set, image)  # Calcula las distancias entre la imagen dada y el conjunto de imágenes\n",
    "    expected_type = classify_image(distances, k)  # Clasifica la imagen dada\n",
    "    return expected_type  # Devuelve el tipo de imagen esperado\n",
    "\n",
    "\n",
    "# Probamos la implementacion\n",
    "expected_types = []\n",
    "for i in range(4000, 5000):\n",
    "    image = X_train[i]\n",
    "    image_type = y_train[i]\n",
    "    expected_types.append((knn_iterativo(image, X_train[:3999], y_train[:3999], 5), image_type))\n",
    "print(expected_types)"
   ]
  },
  {
   "cell_type": "code",
   "execution_count": null,
   "metadata": {},
   "outputs": [],
   "source": [
    "## A = prueba/desarrollo | B = entrenamiento\n",
    "def distanceMatrix(A, B):   # Apilar verticalmente los vectores en una matriz\n",
    "    # Calcular las normas de cada vector de las matrices A y B\n",
    "    norms_a = np.linalg.norm(A, axis=1)\n",
    "    norms_b = np.linalg.norm(B, axis=1)\n",
    "    # Dividir cada componente de las matrices por la norma del vector correspondiente\n",
    "    A_normalized = A / norms_a[:, np.newaxis]\n",
    "    B_normalized = B / norms_b[:, np.newaxis]\n",
    "    # Calcula la matriz traspuesta de B\n",
    "    B_normalized_t = np.transpose(B_normalized)\n",
    "    # Calcula la distancias haciendo una multiplicació n entre ambas matrices\n",
    "    distances = A_normalized @ B_normalized_t\n",
    "    # Hace 1 - distances\n",
    "    # ones = np.ones((len(distances), len(distances)))\n",
    "    distances = 1 - distances\n",
    "    \n",
    "    return distances\n",
    "\n",
    "## cambiar el if del delete por quedarme con las partes necesarias\n",
    "def knn(k, distances_matrix, start_index_desarrollo, end_index_desarrollo):\n",
    "    # Recorta la matriz segun nuestra conveniencia \n",
    "    sub_matrix = distances_matrix[start_index_desarrollo:end_index_desarrollo]\n",
    "    # Eliminar las columnas desde col_start_index hasta col_end_index (inclusive col_end_index)\n",
    "    if not(start_index_desarrollo == 0 and end_index_desarrollo == len(distances_matrix)):\n",
    "        sub_matrix = np.delete(sub_matrix, np.s_[start_index_desarrollo:end_index_desarrollo], axis=1)\n",
    "    # Ordena por distancias de más cercana a más lejana y hace módulo 10 \n",
    "    sub_matrix = np.argsort(sub_matrix, axis=1) % 10\n",
    "    # Se queda con las primeras k columnas más cercanas\n",
    "    k_sub_matrix = sub_matrix[:, :k]\n",
    "    # Calcula la moda \n",
    "    mode, frecuency = scipy.stats.mode(k_sub_matrix, axis=1)\n",
    "    return mode\n",
    "\n",
    "# print(len(knn(5,distanceMatrix(X_train, X_train),3000,4000)))\n"
   ]
  },
  {
   "cell_type": "markdown",
   "metadata": {},
   "source": [
    "# 2.Método de la potencia"
   ]
  },
  {
   "cell_type": "markdown",
   "metadata": {},
   "source": [
    "## a) Implementación del método de la potencia"
   ]
  },
  {
   "cell_type": "markdown",
   "metadata": {},
   "source": [
    "### Compilamos los métodos en C++"
   ]
  },
  {
   "cell_type": "code",
   "execution_count": 33,
   "metadata": {},
   "outputs": [
    {
     "name": "stdout",
     "output_type": "stream",
     "text": [
      "rm -f src/metnum.cpython-312-x86_64-linux-gnu.so\n",
      "g++ -O3 -Wall -shared -std=c++14 -fPIC -I/usr/include/python3.12 -I/usr/lib/python3.12/site-packages/pybind11/include -I/usr/include/python3.12 -I/usr/include/python3.12 -I/usr/include/eigen3 -o src/metnum.cpython-312-x86_64-linux-gnu.so src/metodos.cpp src/power_iteration.cpp  -L/usr/lib  -ldl  -lm \n"
     ]
    },
    {
     "name": "stderr",
     "output_type": "stream",
     "text": [
      "src/power_iteration.cpp: In function ‘std::pair<std::pair<double, Eigen::Matrix<double, -1, 1> >, std::pair<double, int> > power_iteration(const Matrix&, unsigned int, double)’:\n",
      "src/power_iteration.cpp:7:34: warning: comparison of integer expressions of different signedness: ‘int’ and ‘unsigned int’ [-Wsign-compare]\n",
      "    7 | #define forn(i, n) for(int i=0; i<n; i++)\n",
      "      |                                  ^\n",
      "src/power_iteration.cpp:18:5: note: in expansion of macro ‘forn’\n",
      "   18 |     forn(i, niter) {\n",
      "      |     ^~~~\n"
     ]
    }
   ],
   "source": [
    "import sys\n",
    "sys.path.append('src')\n",
    "# make clean\n",
    "subprocess.run(['make', 'clean'], check=True)\n",
    "# Ejecutar `make`\n",
    "subprocess.run(['make'], check=True)\n",
    "import metnum\n",
    "\n",
    "def desglosar(resultados):\n",
    "    return resultados[0], resultados[1], resultados[2], resultados[3]"
   ]
  },
  {
   "cell_type": "markdown",
   "metadata": {},
   "source": [
    "### Test para verificar la implementación"
   ]
  },
  {
   "cell_type": "code",
   "execution_count": 34,
   "metadata": {},
   "outputs": [
    {
     "name": "stdout",
     "output_type": "stream",
     "text": [
      "[[ 0.55702621  0.68949381  0.06860432  0.17967243 -0.42110734]\n",
      " [ 0.68949373 -0.07320488 -0.10678353 -0.27966223  0.65545846]\n",
      " [ 0.06860439 -0.10678342  0.98937509 -0.02782642  0.06521788]\n",
      " [ 0.17967251 -0.27966227 -0.02782619  0.92712391  0.17080318]\n",
      " [ 0.42110738 -0.65545835 -0.06521782 -0.1708034  -0.59967968]]\n",
      "[[ 0.55702629  0.68949372  0.06860438  0.17967248  0.4211073 ]\n",
      " [ 0.68949372 -0.07320498 -0.10678351 -0.2796623  -0.65545841]\n",
      " [ 0.06860438 -0.10678351  0.98937508 -0.0278263  -0.06521788]\n",
      " [ 0.17967248 -0.2796623  -0.0278263   0.92712389 -0.17080335]\n",
      " [ 0.4211073  -0.65545841 -0.06521788 -0.17080335  0.59967971]]\n",
      "0\n",
      "1\n",
      "2\n",
      "3\n",
      "4\n",
      "[[ 0.65031094  0.333513    0.02239401 -0.21165675 -0.64850955]\n",
      " [ 0.33351318  0.68191458 -0.02135822  0.20186588  0.61851064]\n",
      " [ 0.02239403 -0.02135803  0.99856589  0.01355459  0.04153044]\n",
      " [ 0.21165664 -0.20186583 -0.01355436 -0.87189031  0.39252428]\n",
      " [ 0.64850953 -0.6185108  -0.0415304   0.39252406  0.20268168]]\n",
      "[[ 0.6503109   0.3335131   0.02239403  0.21165666  0.64850961]\n",
      " [ 0.3335131   0.68191463 -0.02135812 -0.2018658  -0.61851069]\n",
      " [ 0.02239403 -0.02135812  0.99856589 -0.01355446 -0.04153044]\n",
      " [ 0.21165666 -0.2018658  -0.01355446  0.87189037 -0.39252404]\n",
      " [ 0.64850961 -0.61851069 -0.04153044 -0.39252404 -0.20268179]]\n",
      "0\n",
      "1\n",
      "2\n",
      "3\n",
      "4\n",
      "[[ 0.08465023  0.76340846 -0.26170016  0.26626138  0.52024975]\n",
      " [-0.76340845  0.46269089  0.1841921  -0.18740255 -0.36616699]\n",
      " [ 0.2617001   0.18419223  0.93685803  0.06424236  0.12552379]\n",
      " [-0.2662614  -0.1874025   0.0642426   0.9346378  -0.12771147]\n",
      " [ 0.52024975  0.36616688 -0.12552382  0.12771167 -0.75046352]]\n",
      "[[-0.08465014  0.7634085  -0.26170008  0.26626138 -0.52024971]\n",
      " [ 0.7634085   0.46269077  0.18419217 -0.18740255  0.36616697]\n",
      " [-0.26170008  0.18419217  0.93685804  0.06424249 -0.12552379]\n",
      " [ 0.26626138 -0.18740255  0.06424249  0.9346378   0.1277116 ]\n",
      " [-0.52024971  0.36616697 -0.12552379  0.1277116   0.75046353]]\n",
      "0\n",
      "1\n",
      "2\n",
      "3\n",
      "4\n",
      "[[ 9.61749088e-01  1.38592019e-01  1.19442367e-01 -8.80006835e-04\n",
      "  -2.03871768e-01]\n",
      " [-1.38591778e-01 -4.97849625e-01  4.32767543e-01 -3.18846849e-03\n",
      "  -7.38674612e-01]\n",
      " [ 1.19442451e-01 -4.32767334e-01  6.27028787e-01  2.74779006e-03\n",
      "   6.36610799e-01]\n",
      " [-8.79973235e-04  3.18834549e-03  2.74788788e-03  9.99979755e-01\n",
      "  -4.69031850e-03]\n",
      " [-2.03871865e-01  7.38674673e-01  6.36610653e-01 -4.69021507e-03\n",
      "  -8.66072290e-02]]\n",
      "[[ 9.61749106e-01 -1.38591844e-01  1.19442394e-01 -8.79972816e-04\n",
      "  -2.03871768e-01]\n",
      " [-1.38591844e-01  4.97849666e-01  4.32767446e-01 -3.18834523e-03\n",
      "  -7.38674612e-01]\n",
      " [ 1.19442394e-01  4.32767446e-01  6.27028701e-01  2.74780664e-03\n",
      "   6.36610799e-01]\n",
      " [-8.79972816e-04 -3.18834523e-03  2.74780664e-03  9.99979756e-01\n",
      "  -4.69012867e-03]\n",
      " [-2.03871768e-01 -7.38674612e-01  6.36610799e-01 -4.69012867e-03\n",
      "  -8.66072299e-02]]\n",
      "0\n",
      "1\n",
      "2\n",
      "3\n",
      "4\n",
      "[[-0.62846214  0.04467214  0.17761987 -0.71715085  0.23913505]\n",
      " [-0.04467198  0.99462883 -0.02135635  0.08622703 -0.02875253]\n",
      " [-0.17761978 -0.02135611  0.91508591  0.34284595 -0.11432244]\n",
      " [ 0.71715091  0.08622699  0.34284581 -0.38426107  0.46158385]\n",
      " [-0.23913496 -0.02875251 -0.11432246  0.46158383  0.84608418]]\n",
      "[[ 0.62846215  0.04467206  0.17761977 -0.71715091  0.23913496]\n",
      " [ 0.04467206  0.99462883 -0.02135621  0.08622703 -0.02875252]\n",
      " [ 0.17761977 -0.02135621  0.91508595  0.34284577 -0.1143224 ]\n",
      " [-0.71715091  0.08622703  0.34284577 -0.38426117  0.4615838 ]\n",
      " [ 0.23913496 -0.02875252 -0.1143224   0.4615838   0.84608424]]\n",
      "0\n",
      "1\n",
      "2\n",
      "3\n",
      "4\n",
      "[[ 0.57497807 -0.32060226 -0.05871658  0.73709025 -0.14094243]\n",
      " [-0.32060208  0.75816367 -0.04429115  0.55600133 -0.10631558]\n",
      " [-0.05871669 -0.04429104  0.99188832  0.10182873 -0.01947117]\n",
      " [ 0.73709031  0.55600123  0.10182878 -0.27829188  0.24442794]\n",
      " [-0.14094233 -0.10631547 -0.01947112  0.24442797  0.95326181]]\n",
      "[[ 0.57497811 -0.32060217 -0.05871669  0.73709025 -0.14094231]\n",
      " [-0.32060217  0.75816362 -0.04429112  0.55600133 -0.10631549]\n",
      " [-0.05871669 -0.04429112  0.9918883   0.10182887 -0.01947115]\n",
      " [ 0.73709025  0.55600133  0.10182887 -0.27829189  0.24442789]\n",
      " [-0.14094231 -0.10631549 -0.01947115  0.24442789  0.95326185]]\n",
      "0\n",
      "1\n",
      "2\n",
      "3\n",
      "4\n",
      "[[-0.01656142  0.60510751  0.51411201 -0.46342829  0.39305687]\n",
      " [ 0.60510736 -0.62767885  0.31633209 -0.28514636  0.24184699]\n",
      " [ 0.51411219  0.31633185 -0.73123766 -0.24226628  0.20547834]\n",
      " [ 0.46342829  0.28514629  0.24226641  0.78161749  0.18522107]\n",
      " [-0.39305684 -0.24184691 -0.20547826  0.18522126  0.84290458]]\n",
      "[[ 0.01656151 -0.60510744 -0.51411214 -0.46342825  0.39305681]\n",
      " [-0.60510744  0.62767878 -0.31633202 -0.28514634  0.24184695]\n",
      " [-0.51411214 -0.31633202  0.73123759 -0.24226639  0.20547831]\n",
      " [-0.46342825 -0.28514634 -0.24226639  0.78161751  0.18522117]\n",
      " [ 0.39305681  0.24184695  0.20547831  0.18522117  0.84290461]]\n",
      "0\n",
      "1\n",
      "2\n",
      "3\n",
      "4\n",
      "[[-0.22482712  0.80850709 -0.1499145  -0.39783467  0.33914934]\n",
      " [ 0.80850703 -0.15672535 -0.15636129 -0.41494251  0.35373357]\n",
      " [ 0.14991456  0.15636112  0.97100728 -0.07693942  0.06558979]\n",
      " [ 0.39783477  0.4149425  -0.07693911  0.79582301  0.17405834]\n",
      " [-0.33914934 -0.35373347  0.06558976  0.17405848  0.85161726]]\n",
      "[[ 0.22482722 -0.80850704 -0.14991455 -0.39783472  0.33914929]\n",
      " [-0.80850704  0.15672524 -0.15636123 -0.41494256  0.35373352]\n",
      " [-0.14991455 -0.15636123  0.97100728 -0.07693925  0.06558978]\n",
      " [-0.39783472 -0.41494256 -0.07693925  0.79582298  0.17405844]\n",
      " [ 0.33914929  0.35373352  0.06558978  0.17405844  0.85161728]]\n",
      "0\n",
      "1\n",
      "2\n",
      "3\n",
      "4\n",
      "[[ 0.62964277  0.20863287  0.46234558 -0.02722509  0.58780751]\n",
      " [-0.20863266 -0.88247124  0.26045256 -0.01533667  0.33112868]\n",
      " [-0.46234564  0.26045232 -0.42281818 -0.03398707  0.73380568]\n",
      " [-0.0272251   0.01533667  0.03398727  0.99799867  0.04320975]\n",
      " [-0.58780754  0.33112869  0.73380562 -0.04321004 -0.06706915]]\n",
      "[[ 0.62964279 -0.20863274 -0.46234561 -0.02722509 -0.58780751]\n",
      " [-0.20863274  0.88247124 -0.26045243 -0.01533667 -0.33112868]\n",
      " [-0.46234561 -0.26045243  0.42281813 -0.03398719 -0.73380567]\n",
      " [-0.02722509 -0.01533667 -0.03398719  0.99799867 -0.04320994]\n",
      " [-0.58780751 -0.33112868 -0.73380567 -0.04320994  0.06706916]]\n",
      "0\n",
      "1\n",
      "2\n",
      "3\n",
      "4\n",
      "[[ 0.92869078 -0.34806188  0.02281946  0.11722185 -0.0460944 ]\n",
      " [ 0.34806183  0.69889732 -0.11138218 -0.57216256  0.2249878 ]\n",
      " [ 0.02281942  0.11138213  0.99269762 -0.03751191  0.01475051]\n",
      " [ 0.11722193  0.57216257 -0.03751176  0.80730442  0.07577231]\n",
      " [-0.04609441 -0.22498772  0.01475054  0.07577248  0.9702045 ]]\n",
      "[[ 0.92869082  0.34806175  0.0228194   0.11722186 -0.04609438]\n",
      " [ 0.34806175 -0.69889738 -0.11138204 -0.57216259  0.22498773]\n",
      " [ 0.0228194  -0.11138204  0.99269764 -0.03751176  0.0147505 ]\n",
      " [ 0.11722186 -0.57216259 -0.03751176  0.80730441  0.07577242]\n",
      " [-0.04609438  0.22498773  0.0147505   0.07577242  0.97020451]]\n",
      "0\n",
      "1\n",
      "2\n",
      "3\n",
      "4\n",
      "[[-0.28045096  0.27542844 -0.30397751 -0.30616777  0.81200089]\n",
      " [-0.27542834  0.89457176  0.11635614  0.11719467 -0.31081709]\n",
      " [ 0.30397744  0.11635631  0.87158303 -0.12934243  0.34303423]\n",
      " [ 0.30616788  0.11719465 -0.12934221  0.86972572  0.34550599]\n",
      " [-0.81200088 -0.31081694  0.3430343   0.34550604  0.08366852]]\n",
      "[[ 0.28045098  0.27542844 -0.30397743 -0.30616787  0.81200085]\n",
      " [ 0.27542844  0.89457171  0.11635625  0.11719471 -0.31081708]\n",
      " [-0.30397743  0.11635625  0.87158307 -0.1293423   0.34303422]\n",
      " [-0.30616787  0.11719471 -0.1293423   0.86972567  0.34550609]\n",
      " [ 0.81200085 -0.31081708  0.34303422  0.34550609  0.08366857]]\n",
      "0\n",
      "1\n",
      "2\n",
      "3\n",
      "4\n",
      "[[ 0.97956617 -0.16341862  0.01671673 -0.11379474  0.02271088]\n",
      " [ 0.16341854  0.3069322  -0.13369119  0.91006838 -0.18162927]\n",
      " [ 0.01671674  0.13369132  0.98632419  0.09309434 -0.01857957]\n",
      " [ 0.11379483  0.91006832 -0.09309461 -0.36628357 -0.1264758 ]\n",
      " [ 0.02271092  0.18162944 -0.0185796   0.12647564  0.97475828]]\n",
      "[[ 0.97956619  0.16341851  0.01671672  0.11379474  0.0227109 ]\n",
      " [ 0.16341851 -0.30693223 -0.13369125 -0.91006835 -0.18162944]\n",
      " [ 0.01671672 -0.13369125  0.9863242  -0.09309448 -0.01857959]\n",
      " [ 0.11379474 -0.91006835 -0.09309448  0.3662836  -0.12647573]\n",
      " [ 0.0227109  -0.18162944 -0.01857959 -0.12647573  0.97475825]]\n",
      "0\n",
      "1\n",
      "2\n",
      "3\n",
      "4\n",
      "[[-0.7277651   0.32803534  0.40852151  0.41941775  0.14124333]\n",
      " [ 0.32803509 -0.60472704  0.49225684  0.50538633  0.17019415]\n",
      " [ 0.40852157  0.49225654 -0.3869638   0.62938757  0.21195279]\n",
      " [ 0.41941792  0.50538647  0.62938735 -0.35382523  0.21760603]\n",
      " [ 0.14124331  0.1701941   0.21195273  0.21760607 -0.92671889]]\n",
      "[[ 0.72776515 -0.32803517 -0.4085215  -0.41941785 -0.14124329]\n",
      " [-0.32803517  0.60472705 -0.49225666 -0.50538645 -0.1701941 ]\n",
      " [-0.4085215  -0.49225666  0.38696381 -0.62938749 -0.21195273]\n",
      " [-0.41941785 -0.50538645 -0.62938749  0.35382507 -0.21760607]\n",
      " [-0.14124329 -0.1701941  -0.21195273 -0.21760607  0.92671891]]\n",
      "0\n",
      "1\n",
      "2\n",
      "3\n",
      "4\n",
      "[[ 0.72635335  0.29389473 -0.03387131  0.60877143 -0.11952737]\n",
      " [ 0.29389454  0.6843592   0.03637746 -0.65381643  0.12837159]\n",
      " [-0.03387121  0.03637752  0.9958075   0.0753522  -0.01479476]\n",
      " [ 0.60877153 -0.65381635  0.07535213 -0.35431118  0.26590796]\n",
      " [-0.1195273   0.12837148 -0.0147948   0.26590797  0.94779113]]\n",
      "[[ 0.72635339  0.29389462 -0.0338712   0.60877145 -0.11952729]\n",
      " [ 0.29389462  0.68435915  0.03637745 -0.65381645  0.1283715 ]\n",
      " [-0.0338712   0.03637745  0.99580752  0.07535201 -0.01479475]\n",
      " [ 0.60877145 -0.65381645  0.07535201 -0.35431121  0.26590791]\n",
      " [-0.11952729  0.1283715  -0.01479475  0.26590791  0.94779116]]\n",
      "0\n",
      "1\n",
      "2\n",
      "3\n",
      "4\n",
      "[[ 0.72164522  0.11920347  0.40542735  0.11369262 -0.53639664]\n",
      " [ 0.1192036   0.94895189 -0.17362159 -0.04868808  0.22970816]\n",
      " [ 0.40542735 -0.17362147  0.40948979 -0.16559491  0.78126866]\n",
      " [ 0.11369272 -0.04868815 -0.16559484  0.95356278  0.21908853]\n",
      " [-0.53639659  0.22970828  0.78126862  0.21908861 -0.03364969]]\n",
      "[[ 0.72164521  0.11920352  0.40542736  0.11369272 -0.53639661]\n",
      " [ 0.11920352  0.94895192 -0.17362147 -0.04868812  0.22970815]\n",
      " [ 0.40542736 -0.17362147  0.40948978 -0.16559493  0.78126863]\n",
      " [ 0.11369272 -0.04868812 -0.16559493  0.95356273  0.21908871]\n",
      " [-0.53639661  0.22970815  0.78126863  0.21908871 -0.03364965]]\n",
      "0\n",
      "1\n",
      "2\n",
      "3\n",
      "4\n",
      "[[ 0.90679711  0.13471621  0.08907952 -0.04768836  0.38647276]\n",
      " [ 0.13471639  0.8052798  -0.12875647  0.06892919 -0.55861121]\n",
      " [ 0.08907953 -0.12875629  0.91486142  0.04557849 -0.36937495]\n",
      " [-0.04768839  0.06892924  0.04557869  0.97559967  0.19774325]\n",
      " [-0.38647269  0.55861128  0.36937485 -0.19774344  0.60253803]]\n",
      "[[ 0.9067971   0.13471631  0.08907954 -0.04768839 -0.38647275]\n",
      " [ 0.13471631  0.80527983 -0.12875637  0.06892923  0.5586112 ]\n",
      " [ 0.08907954 -0.12875637  0.9148614   0.04557863  0.36937494]\n",
      " [-0.04768839  0.06892923  0.04557863  0.97559966 -0.19774347]\n",
      " [-0.38647275  0.5586112   0.36937494 -0.19774347 -0.60253798]]\n",
      "0\n",
      "1\n",
      "2\n",
      "3\n",
      "4\n",
      "[[ 9.99997231e-01 -1.85746808e-03 -2.74119824e-04 -1.16508435e-03\n",
      "  -8.09747798e-04]\n",
      " [ 1.85734078e-03  2.45823484e-01  1.83870622e-01  7.81501080e-01\n",
      "   5.43152758e-01]\n",
      " [ 2.74142774e-04  1.83870607e-01 -9.72862601e-01  1.15341532e-01\n",
      "   8.01636626e-02]\n",
      " [ 1.16518340e-03  7.81501038e-01  1.15341428e-01 -5.09766902e-01\n",
      "   3.40718181e-01]\n",
      " [-8.09816916e-04 -5.43152917e-01 -8.01637936e-02 -3.40717978e-01\n",
      "   7.63196786e-01]]\n",
      "[[ 9.99997231e-01  1.85730961e-03  2.74119461e-04  1.16508431e-03\n",
      "  -8.09748047e-04]\n",
      " [ 1.85730961e-03 -2.45823502e-01 -1.83870510e-01 -7.81501050e-01\n",
      "   5.43152925e-01]\n",
      " [ 2.74119461e-04 -1.83870510e-01  9.72862637e-01 -1.15341376e-01\n",
      "   8.01636873e-02]\n",
      " [ 1.16508431e-03 -7.81501050e-01 -1.15341376e-01  5.09766921e-01\n",
      "   3.40718072e-01]\n",
      " [-8.09748047e-04  5.43152925e-01  8.01636873e-02  3.40718072e-01\n",
      "   7.63196713e-01]]\n",
      "0\n",
      "1\n",
      "2\n",
      "3\n",
      "4\n",
      "[[-0.2853406  -0.41054517  0.30127797 -0.18570981  0.7904283 ]\n",
      " [ 0.41054507  0.76415718  0.17307284 -0.10668336  0.45407159]\n",
      " [-0.30127795  0.17307298  0.87299068  0.0782893  -0.33321974]\n",
      " [ 0.18570985 -0.10668335  0.07828952  0.95174185  0.20539882]\n",
      " [ 0.79042832 -0.45407144  0.33321976 -0.20539904 -0.12576968]]\n",
      "[[ 0.28534064 -0.41054516  0.30127793 -0.18570984 -0.79042827]\n",
      " [-0.41054516  0.76415711  0.17307294 -0.10668338 -0.45407158]\n",
      " [ 0.30127793  0.17307294  0.87299069  0.07828944  0.33321973]\n",
      " [-0.18570984 -0.10668338  0.07828944  0.95174184 -0.20539899]\n",
      " [-0.79042827 -0.45407158  0.33321973 -0.20539899  0.12576972]]\n",
      "0\n",
      "1\n",
      "2\n",
      "3\n",
      "4\n",
      "[[ 0.75970413  0.52287028  0.30970568  0.06540775  0.22194707]\n",
      " [-0.52287043  0.13773668  0.67390197  0.14232358  0.48294435]\n",
      " [-0.3097055   0.67390207 -0.60083561  0.08430093  0.28605664]\n",
      " [ 0.06540774 -0.14232361 -0.0843008   0.98219623 -0.06041345]\n",
      " [ 0.22194702 -0.48294437 -0.28605675 -0.06041316  0.79500067]]\n",
      "[[ 0.75970407 -0.52287044 -0.30970558  0.06540776  0.22194708]\n",
      " [-0.52287044 -0.13773669 -0.67390194  0.14232361  0.48294438]\n",
      " [-0.30970558 -0.67390194  0.60083574  0.08430084  0.28605665]\n",
      " [ 0.06540776  0.14232361  0.08430084  0.98219622 -0.06041326]\n",
      " [ 0.22194708  0.48294438  0.28605665 -0.06041326  0.79500066]]\n",
      "0\n",
      "1\n",
      "2\n",
      "3\n",
      "4\n",
      "[[ 0.68335617 -0.11330674 -0.06320517 -0.23182675  0.68003487]\n",
      " [-0.11330655  0.95945478 -0.02261722 -0.08295602  0.24334115]\n",
      " [-0.06320517 -0.02261701  0.98738364 -0.046275    0.13574153]\n",
      " [-0.23182684 -0.08295603 -0.04627479  0.83027093  0.49787886]\n",
      " [ 0.68003484  0.24334106  0.13574154  0.49787897 -0.46046557]]\n",
      "[[ 0.68335618 -0.11330665 -0.06320517 -0.23182684  0.68003482]\n",
      " [-0.11330665  0.95945477 -0.0226171  -0.08295605  0.24334113]\n",
      " [-0.06320517 -0.0226171   0.98738364 -0.04627488  0.13574152]\n",
      " [-0.23182684 -0.08295605 -0.04627488  0.83027086  0.49787904]\n",
      " [ 0.68003482  0.24334113  0.13574152  0.49787904 -0.46046546]]\n",
      "0\n",
      "1\n",
      "2\n",
      "3\n",
      "4\n",
      "[[ 0.84931137  0.43378869  0.09560089  0.25935872 -0.11870587]\n",
      " [-0.43378877  0.24875159  0.27520722  0.74661817 -0.3417196 ]\n",
      " [ 0.09560088 -0.27520709  0.93934825 -0.16454426  0.07531016]\n",
      " [ 0.25935867 -0.74661831 -0.16454394  0.55360314  0.20431112]\n",
      " [-0.11870577  0.34171946  0.07531011  0.20431133  0.90648882]]\n",
      "[[ 0.84931132 -0.4337888   0.09560091  0.25935875 -0.11870581]\n",
      " [-0.4337888  -0.2487515   0.27520715  0.74661826 -0.34171943]\n",
      " [ 0.09560091  0.27520715  0.93934824 -0.16454409  0.07531013]\n",
      " [ 0.25935875  0.74661826 -0.16454409  0.55360308  0.20431124]\n",
      " [-0.11870581 -0.34171943  0.07531013  0.20431124  0.90648886]]\n",
      "0\n",
      "1\n",
      "2\n",
      "3\n",
      "4\n",
      "[[ 0.96008145  0.06506078 -0.04986547  0.26364453  0.04489658]\n",
      " [ 0.065061    0.89396107  0.08127267 -0.42969866 -0.07317429]\n",
      " [-0.04986548  0.08127292  0.93770902  0.32933949  0.05608394]\n",
      " [-0.26364447  0.42969865 -0.3293396   0.7412561   0.29652232]\n",
      " [ 0.04489662 -0.07317436  0.05608398 -0.29652238  0.94950457]]\n",
      "[[ 0.96008144  0.0650609  -0.04986549 -0.26364452  0.04489663]\n",
      " [ 0.0650609   0.89396107  0.08127282  0.42969864 -0.07317436]\n",
      " [-0.04986549  0.08127282  0.937709   -0.32933962  0.05608399]\n",
      " [-0.26364452  0.42969864 -0.32933962 -0.74125602  0.29652246]\n",
      " [ 0.04489663 -0.07317436  0.05608399  0.29652246  0.94950452]]\n",
      "0\n",
      "1\n",
      "2\n",
      "3\n",
      "4\n",
      "[[ 0.74220448  0.21280228  0.63066107  0.04374473 -0.06481282]\n",
      " [-0.21280198 -0.82433853  0.52059109  0.0361099  -0.05350095]\n",
      " [-0.63066117  0.52059091  0.54282531  0.10701556 -0.15855562]\n",
      " [ 0.04374481 -0.03610997 -0.10701555  0.99257704  0.01099777]\n",
      " [-0.06481282  0.05350095  0.15855559  0.01099803  0.9837053 ]]\n",
      "[[ 0.74220451 -0.21280207 -0.63066111  0.04374481 -0.06481281]\n",
      " [-0.21280207  0.82433858 -0.52059092  0.03610996 -0.05350094]\n",
      " [-0.63066111 -0.52059092 -0.54282541  0.10701564 -0.1585556 ]\n",
      " [ 0.04374481  0.03610996  0.10701564  0.99257703  0.01099796]\n",
      " [-0.06481281 -0.05350094 -0.1585556   0.01099796  0.9837053 ]]\n",
      "0\n",
      "1\n",
      "2\n",
      "3\n",
      "4\n",
      "[[ 0.99371278 -0.00132611 -0.04310435  0.03662758  0.09661051]\n",
      " [-0.00132589  0.99972035 -0.00909093  0.0077248   0.02037528]\n",
      " [-0.04310435 -0.00909067  0.7044823   0.25111367  0.66234886]\n",
      " [ 0.03662759  0.00772483  0.25111397  0.78661798 -0.56282549]\n",
      " [-0.0966105  -0.02037535 -0.66234872  0.56282576  0.4845335 ]]\n",
      "[[ 0.99371278 -0.00132598 -0.04310435  0.03662759 -0.0966105 ]\n",
      " [-0.00132598  0.99972035 -0.00909076  0.00772481 -0.02037528]\n",
      " [-0.04310435 -0.00909076  0.70448227  0.25111388 -0.66234879]\n",
      " [ 0.03662759  0.00772481  0.25111388  0.78661794  0.56282571]\n",
      " [-0.0966105  -0.02037528 -0.66234879  0.56282571 -0.48453334]]\n",
      "0\n",
      "1\n",
      "2\n",
      "3\n",
      "4\n",
      "[[ 0.08309048  0.59390167 -0.69549329  0.15930678  0.36233572]\n",
      " [ 0.59390167 -0.67434003 -0.38136676  0.08735423  0.19868306]\n",
      " [ 0.69549335  0.38136671  0.55339746  0.1022968   0.23266947]\n",
      " [-0.15930667 -0.08735422  0.1022969   0.97656832 -0.05329438]\n",
      " [-0.36233571 -0.19868317  0.23266944 -0.05329423  0.87878467]]\n",
      "[[-0.08309057 -0.59390157 -0.69549341  0.15930668  0.36233574]\n",
      " [-0.59390157  0.67434018 -0.38136665  0.08735418  0.19868307]\n",
      " [-0.69549341 -0.38136665  0.55339739  0.10229684  0.23266948]\n",
      " [ 0.15930668  0.08735418  0.10229684  0.97656833 -0.05329425]\n",
      " [ 0.36233574  0.19868307  0.23266948 -0.05329425  0.87878466]]\n",
      "0\n",
      "1\n",
      "2\n",
      "3\n",
      "4\n",
      "[[ 0.20130628  0.6532686  -0.49962168  0.30218704 -0.43792363]\n",
      " [-0.6532686   0.64475351  0.27169345 -0.1643289   0.23814228]\n",
      " [ 0.49962165  0.27169356  0.79220803  0.12567905 -0.18213184]\n",
      " [-0.30218696 -0.16432879  0.12567924  0.92398526  0.11015924]\n",
      " [ 0.4379237   0.23814221 -0.18213188  0.11015907  0.8403595 ]]\n",
      "[[-0.20130619  0.65326868 -0.49962161  0.30218694 -0.43792367]\n",
      " [ 0.65326868  0.64475337  0.27169356 -0.16432885  0.2381423 ]\n",
      " [-0.49962161  0.27169356  0.79220805  0.12567914 -0.18213186]\n",
      " [ 0.30218694 -0.16432885  0.12567914  0.92398528  0.11015911]\n",
      " [-0.43792367  0.2381423  -0.18213186  0.11015911  0.84035948]]\n",
      "0\n",
      "1\n",
      "2\n",
      "3\n",
      "4\n",
      "[[ 0.99824823 -0.01529825 -0.04636011 -0.02189632 -0.02525318]\n",
      " [ 0.01529801 -0.86640221  0.40486116  0.19121967  0.22053503]\n",
      " [ 0.04636016  0.40486101  0.22691007  0.5794814   0.66831991]\n",
      " [-0.02189635 -0.19121984 -0.57948141  0.7263054  -0.31565372]\n",
      " [ 0.0252532   0.22053507  0.66831976  0.31565387 -0.63595424]]\n",
      "[[ 0.99824823  0.01529811  0.04636011 -0.02189633  0.02525318]\n",
      " [ 0.01529811  0.86640226 -0.40486098  0.19121977 -0.22053499]\n",
      " [ 0.04636011 -0.40486098 -0.22691008  0.57948152 -0.66831977]\n",
      " [-0.02189633  0.19121977  0.57948152  0.72630526  0.3156539 ]\n",
      " [ 0.02525318 -0.22053499 -0.66831977  0.3156539   0.63595432]]\n",
      "0\n",
      "1\n",
      "2\n",
      "3\n",
      "4\n",
      "[[ 0.9553354  -0.0824128   0.09319912  0.20026963  0.17818086]\n",
      " [-0.08241258  0.84793665  0.1719658   0.36952662  0.32876962]\n",
      " [ 0.09319915  0.17196603  0.80552657 -0.41789137 -0.37180012]\n",
      " [ 0.20026967  0.36952654 -0.41789159  0.10201968 -0.79893728]\n",
      " [-0.17818087 -0.3287695   0.37180002  0.79893738 -0.28918161]]\n",
      "[[ 0.95533541 -0.08241267  0.09319913  0.20026963 -0.17818083]\n",
      " [-0.08241267  0.84793662  0.17196596  0.36952662 -0.32876956]\n",
      " [ 0.09319913  0.17196596  0.80552655 -0.41789153  0.37180005]\n",
      " [ 0.20026963  0.36952662 -0.41789153  0.10201969  0.7989373 ]\n",
      " [-0.17818083 -0.32876956  0.37180005  0.7989373   0.28918174]]\n",
      "0\n",
      "1\n",
      "2\n",
      "3\n",
      "4\n",
      "[[ 0.92012894  0.29046696  0.03789623  0.23396311  0.11321132]\n",
      " [-0.29046706  0.05634119  0.13781728  0.85085327  0.41171543]\n",
      " [ 0.03789623 -0.13781713  0.98201947 -0.11100804 -0.0537151 ]\n",
      " [-0.23396302  0.8508533   0.11100779 -0.31466148  0.33162542]\n",
      " [ 0.11321132 -0.41171558 -0.0537151  -0.3316253   0.83953134]]\n",
      "[[ 0.92012891 -0.29046707  0.03789624 -0.2339631   0.11321135]\n",
      " [-0.29046707 -0.05634115  0.13781721 -0.85085326  0.41171556]\n",
      " [ 0.03789624  0.13781721  0.98201946  0.11100791 -0.05371512]\n",
      " [-0.2339631  -0.85085326  0.11100791  0.31466149  0.33162537]\n",
      " [ 0.11321135  0.41171556 -0.05371512  0.33162537  0.83953129]]\n",
      "0\n",
      "1\n",
      "2\n",
      "3\n",
      "4\n",
      "[[ 0.91531983  0.15844552 -0.06519658  0.36443076  0.00492365]\n",
      " [-0.15844578 -0.70353118 -0.12198966  0.68188889  0.00921268]\n",
      " [-0.06519659  0.12198991  0.94980413  0.28058078  0.0037908 ]\n",
      " [-0.36443065  0.68188891 -0.28058097  0.56836888  0.02118959]\n",
      " [ 0.00492369 -0.00921275  0.00379082 -0.0211896   0.99971372]]\n",
      "[[ 0.91531981 -0.15844568 -0.06519661 -0.36443075  0.00492369]\n",
      " [-0.15844568  0.7035312  -0.12198982 -0.68188886  0.00921275]\n",
      " [-0.06519661 -0.12198982  0.9498041  -0.28058097  0.00379083]\n",
      " [-0.36443075 -0.68188886 -0.28058097 -0.56836883  0.02118965]\n",
      " [ 0.00492369  0.00921275  0.00379083  0.02118965  0.99971371]]\n",
      "0\n",
      "1\n",
      "2\n",
      "3\n",
      "4\n",
      "[[ 0.70698943  0.28642721  0.35516092 -0.184227    0.50798281]\n",
      " [-0.28642735 -0.72000807  0.34718139 -0.18008781  0.49656949]\n",
      " [-0.35516095  0.34718123 -0.56950601 -0.22330321  0.61573087]\n",
      " [-0.18422698  0.18008787  0.22330337  0.88416942  0.3193881 ]\n",
      " [-0.50798271  0.49656963  0.61573071 -0.31938834 -0.11932705]]\n",
      "[[ 0.7069894  -0.28642727 -0.35516099 -0.184227   -0.50798277]\n",
      " [-0.28642727  0.72000816 -0.34718126 -0.18008781 -0.49656946]\n",
      " [-0.35516099 -0.34718126  0.56950593 -0.22330333 -0.61573084]\n",
      " [-0.184227   -0.18008781 -0.22330333  0.88416942 -0.31938825]\n",
      " [-0.50798277 -0.49656946 -0.61573084 -0.31938825  0.1193271 ]]\n",
      "0\n",
      "1\n",
      "2\n",
      "3\n",
      "4\n",
      "[[ 0.95488575  0.06817522  0.0631452  -0.24809098  0.13419726]\n",
      " [ 0.06817544  0.89697541 -0.09542331  0.37490779 -0.20279496]\n",
      " [ 0.06314522 -0.09542313  0.91161734  0.34724622 -0.18783235]\n",
      " [-0.24809094  0.37490787  0.34724628 -0.36429444  0.73797332]\n",
      " [ 0.13419718 -0.20279491 -0.18783217  0.73797334  0.60081584]]\n",
      "[[ 0.95488574  0.06817534  0.06314523 -0.24809098  0.1341972 ]\n",
      " [ 0.06817534  0.89697543 -0.09542322  0.3749078  -0.20279487]\n",
      " [ 0.06314523 -0.09542322  0.91161729  0.34724637 -0.18783227]\n",
      " [-0.24809098  0.3749078   0.34724637 -0.36429448  0.73797324]\n",
      " [ 0.1341972  -0.20279487 -0.18783227  0.73797324  0.60081602]]\n",
      "0\n",
      "1\n",
      "2\n",
      "3\n",
      "4\n",
      "[[ 0.96537543 -0.01660206 -0.16576813  0.02291423  0.19942548]\n",
      " [-0.01660186  0.99203962 -0.07948338  0.01098702  0.09562143]\n",
      " [-0.16576814 -0.07948322  0.20637069  0.10970376  0.95476675]\n",
      " [ 0.0229142   0.01098701  0.10970378  0.98483559 -0.13197795]\n",
      " [ 0.19942549  0.0956215   0.95476674 -0.13197792 -0.14862132]]\n",
      "[[ 0.96537543 -0.01660195 -0.16576814  0.0229142   0.19942548]\n",
      " [-0.01660195  0.99203962 -0.07948325  0.010987    0.09562143]\n",
      " [-0.16576814 -0.07948325  0.20637067  0.10970371  0.95476677]\n",
      " [ 0.0229142   0.010987    0.10970371  0.98483561 -0.13197781]\n",
      " [ 0.19942548  0.09562143  0.95476677 -0.13197781 -0.14862134]]\n",
      "0\n",
      "1\n",
      "2\n",
      "3\n",
      "4\n",
